33
39
45
54
60
66
79
103
106
128
139
153
180
184
190
200
212
213
215
218
229
234
251
266
278
280
288
296
304
321
321
335
343
344
347
360
361
378
392
420
436
437
450
458
465
494
496
513
523
527
534
535
542
543
545
572
610
629
649
665
671
674
680
682
707
732
738
740
748
750
753
761
772
784
801
816
820
845
848
849
853
854
857
886
894
899
902
905
929
933
933
938
942
949
953
958
962
971
973
974
977
981
993
995
1015
1016
1039
1044
1060
1062
1089
1108
1109
1143
1163
1168
1176
1181
1191
1209
1211
1215
1218
1258
1260
1274
1282
1282
1284
1293
1295
1298
1304
1309
1343
1347
1386
1401
1408
1409
1409
1411
1423
1425
1427
1431
1434
1436
1437
1454
1456
1465
1476
1484
1540
1547
1549
1558
1563
1578
1598
1627
1645
1668
1688
1696
1716
1732
1735
1742
1759
1767
1767
1768
1770
1776
1777
1781
1788
1797
1800
1810
1815
1819
1824
1828
1833
1844
1847
1851
1857
1857
1882
1894
1908
1908
1915
1927
1929
1931
1934
1961
2005
2010
2012
2014
2027
2044
2064
2066
2068
2077
2105
2117
2142
2148
2156
2170
2176
2180
2185
2206
2213
2230
2247
2251
2255
2271
2272
2302
2306
2321
2336
2343
2345
2346
2352
2354
2359
2368
2388
2388
2390
2405
2410
2430
2452
2455
2481
2483
2485
2488
2489
2505
2510
2519
2526
2528
2550
2551
2552
2588
2590
2598
2601
2620
2630
2635
2654
2655
2662
2667
2678
2684
2685
2699
2703
2705
2709
2738
2742
2743
2747
2751
2759
2771
2773
2774
2784
2785
2815
2816
2847
2858
2859
2866
2873
2916
2922
2952
2959
2965
2984
2987
2997
2998
3003
3006
3008
3027
3047
3050
3070
3073
3101
3109
3137
3138
3163
3168
3170
3179
3186
3191
3200
3204
3210
3244
3254
3269
3274
3277
3284
3286
3311
3320
3350
3354
3368
3370
3382
3386
3402
3447
3449
3449
3452
3472
3474
3486
3494
3515
3530
3531
3531
3564
3569
3573
3615
3628
3632
3642
3651
3655
3661
3676
3677
3703
3722
3728
3755
3757
3760
3803
3804
3827
3842
3856
3860
3866
3877
3890
3917
3919
3934
3934
3944
3955
3967
3967
3978
3985
4005
4014
4015
4024
4027
4043
4047
4055
4090
4091
4114
4121
4134
4146
4164
4173
4191
4194
4198
4206
4212
4233
4238
4244
4251
4276
4328
4333
4334
4358
4365
4371
4378
4400
4429
4441
4447
4456
4464
4473
4474
4509
4523
4527
4529
4537
4541
4553
4570
4573
4576
4578
4586
4612
4613
4630
4631
4640
4643
4656
4658
4667
4668
4687
4704
4706
4710
4713
4735
4735
4750
4752
4761
4770
4787
4803
4814
4815
4815
4830
4836
4843
4859
4862
4877
4877
4894
4901
4905
4918
4919
4923
4923
4932
4934
4943
4962
4962
4967
4969
4970
4985
4986
4990
5002
5006
5007
5014
5016
5024
5030
5038
5062
5065
5068
5084
5086
5086
5106
5108
5117
5135
5151
5152
5154
5164
5196
5200
5204
5247
5248
5252
5253
5264
5276
5276
5292
5298
5304
5310
5328
5331
5336
5350
5351
5352
5354
5355
5356
5359
5363
5376
5393
5397
5415
5422
5450
5454
5460
5462
5471
5477
5494
5510
5514
5519
5525
5537
5545
5558
5597
5600
5619
5642
5649
5665
5681
5683
5698
5719
5721
5748
5751
5755
5771
5772
5786
5789
5797
5812
5814
5815
5818
5831
5852
5857
5866
5890
5901
5927
5930
5948
5952
5966
5972
5993
6013
6019
6026
6038
6043
6044
6048
6057
6064
6081
6090
6092
6118
6118
6126
6138
6145
6153
6177
6182
6206
6207
6216
6218
6228
6236
6274
6279
6325
6329
6337
6338
6342
6343
6344
6363
6369
6386
6416
6417
6431
6441
6444
6458
6462
6471
6481
6495
6498
6499
6505
6520
6525
6528
6532
6533
6551
6571
6581
6589
6598
6599
6615
6616
6627
6643
6650
6653
6657
6661
6696
6703
6709
6722
6725
6725
6745
6747
6752
6765
6776
6777
6784
6787
6826
6848
6853
6858
6861
6874
6877
6881
6887
6887
6897
6921
6923
6929
6946
6957
6973
6973
6975
6976
6977
6978
6990
7011
7021
7042
7048
7049
7069
7091
7120
7138
7156
7164
7177
7184
7189
7195
7199
7207
7211
7215
7217
7222
7227
7232
7260
7283
7314
7322
7323
7332
7335
7339
7345
7345
7363
7364
7376
7378
7402
7414
7448
7452
7477
7482
7485
7486
7503
7521
7523
7553
7556
7582
7583
7588
7618
7621
7624
7637
7651
7665
7665
7666
7686
7693
7694
7699
7707
7715
7721
7722
7728
7731
7734
7735
7736
7742
7753
7767
7781
7788
7790
7805
7817
7821
7829
7852
7854
7870
7871
7882
7887
7902
7904
7942
7943
7952
7956
7957
7965
7966
7970
7972
7976
7980
7988
8001
8019
8020
8021
8035
8042
8059
8061
8095
8117
8135
8138
8148
8161
8183
8184
8204
8208
8221
8224
8225
8229
8247
8264
8270
8275
8283
8296
8298
8301
8315
8364
8373
8376
8379
8385
8390
8442
8451
8451
8454
8465
8466
8468
8469
8475
8489
8515
8521
8522
8529
8544
8550
8554
8554
8562
8564
8564
8599
8605
8617
8619
8638
8641
8646
8647
8667
8676
8677
8722
8725
8728
8774
8780
8787
8805
8811
8817
8818
8831
8834
8834
8844
8846
8849
8856
8901
8904
8949
8950
8953
8967
8974
8993
9004
9008
9014
9016
9019
9041
9044
9055
9061
9085
9118
9120
9121
9127
9129
9132
9135
9136
9147
9148
9155
9158
9161
9162
9173
9185
9192
9211
9228
9246
9249
9313
9324
9329
9330
9330
9370
9376
9389
9392
9420
9425
9429
9430
9432
9434
9456
9467
9469
9489
9493
9503
9507
9522
9557
9573
9623
9629
9632
9644
9646
9660
9674
9676
9687
9690
9725
9738
9740
9742
9750
9775
9784
9790
9791
9799
9812
9835
9837
9848
9854
9860
9871
9894
9898
9910
9913
9920
9922
9929
9942
9958
9964
9966
9967
9968
9977
