3
6
8
10
18
21
24
32
33
33
35
49
103
114
116
137
144
148
164
173
195
196
197
205
207
208
211
212
233
242
260
269
284
303
306
323
325
339
366
378
393
397
397
400
421
436
440
443
465
475
479
486
497
509
517
551
559
560
569
584
607
619
628
649
652
655
667
669
676
680
681
728
740
740
746
750
759
764
765
772
773
773
778
786
787
804
807
810
834
860
866
878
882
883
890
905
907
917
919
934
942
951
956
958
989
1007
1013
1027
1030
1038
1043
1072
1078
1087
1087
1097
1111
1129
1130
1145
1147
1147
1165
1167
1181
1192
1192
1212
1218
1227
1258
1308
1311
1312
1316
1320
1332
1338
1359
1369
1371
1380
1384
1386
1386
1394
1398
1399
1403
1404
1411
1423
1427
1442
1449
1455
1464
1470
1470
1473
1476
1478
1489
1500
1512
1515
1519
1553
1560
1580
1581
1582
1586
1602
1608
1610
1614
1615
1618
1624
1627
1627
1670
1681
1684
1687
1693
1704
1708
1709
1725
1743
1757
1770
1770
1786
1798
1827
1837
1873
1888
1893
1915
1917
1922
1923
1933
1966
1969
1978
1981
1982
1983
1995
1997
2015
2016
2030
2033
2035
2038
2045
2052
2052
2057
2070
2084
2088
2090
2119
2123
2164
2169
2171
2182
2192
2207
2213
2217
2228
2234
2238
2241
2251
2256
2262
2268
2295
2295
2302
2303
2303
2309
2332
2349
2358
2360
2363
2369
2387
2393
2398
2404
2409
2459
2477
2495
2499
2514
2523
2524
2531
2561
2562
2569
2584
2584
2599
2607
2609
2612
2630
2645
2646
2662
2662
2677
2678
2692
2696
2697
2715
2719
2739
2758
2786
2825
2839
2844
2858
2872
2885
2895
2910
2911
2929
2943
2943
2945
2961
2968
2968
2986
2990
2996
3009
3022
3031
3038
3039
3040
3041
3046
3049
3069
3069
3071
3075
3083
3087
3101
3113
3121
3127
3142
3146
3153
3168
3180
3184
3192
3196
3197
3214
3219
3251
3255
3286
3296
3332
3332
3343
3348
3352
3360
3370
3380
3381
3384
3391
3393
3407
3421
3434
3443
3445
3445
3468
3473
3484
3484
3487
3500
3507
3509
3519
3535
3535
3538
3538
3543
3553
3557
3560
3570
3588
3602
3609
3644
3646
3654
3654
3660
3661
3683
3689
3697
3698
3727
3743
3745
3757
3765
3799
3807
3807
3829
3829
3842
3848
3887
3898
3901
3904
3906
3920
3934
3935
3941
3945
3950
3974
3984
4021
4032
4080
4081
4085
4088
4095
4122
4131
4134
4149
4158
4163
4182
4203
4204
4206
4209
4210
4214
4217
4233
4244
4257
4265
4265
4278
4285
4287
4300
4300
4306
4315
4337
4339
4347
4359
4365
4372
4373
4376
4379
4381
4381
4407
4446
4455
4459
4485
4494
4526
4530
4538
4539
4554
4574
4588
4589
4616
4637
4654
4669
4674
4680
4694
4709
4720
4722
4723
4742
4763
4774
4818
4826
4834
4835
4846
4860
4869
4885
4900
4904
4912
4917
4919
4923
4925
4934
4979
4980
5000
5002
5024
5025
5034
5049
5069
5069
5073
5079
5083
5086
5095
5096
5099
5106
5108
5109
5110
5112
5114
5128
5155
5182
5185
5203
5206
5220
5239
5239
5289
5290
5291
5294
5309
5337
5338
5348
5350
5350
5382
5394
5401
5416
5419
5430
5441
5463
5483
5490
5523
5533
5533
5538
5542
5549
5554
5554
5559
5571
5571
5575
5602
5604
5607
5611
5611
5637
5639
5649
5665
5706
5713
5722
5735
5757
5763
5766
5776
5790
5811
5812
5822
5826
5832
5855
5856
5860
5865
5869
5879
5910
5926
5927
5942
5942
5948
5951
5953
5968
5981
5982
5999
6017
6044
6045
6047
6054
6055
6065
6072
6072
6074
6088
6129
6146
6165
6175
6177
6188
6197
6203
6205
6216
6216
6221
6223
6223
6249
6257
6258
6264
6266
6268
6280
6280
6302
6355
6357
6369
6374
6384
6386
6389
6394
6396
6407
6408
6435
6436
6440
6443
6449
6454
6462
6508
6510
6523
6524
6527
6548
6557
6559
6567
6568
6569
6591
6597
6598
6613
6638
6642
6648
6660
6665
6698
6701
6702
6702
6748
6764
6785
6800
6809
6824
6831
6834
6891
6912
6927
6932
6937
6945
6972
7005
7010
7020
7031
7039
7061
7070
7082
7085
7089
7092
7103
7110
7115
7125
7126
7132
7142
7144
7152
7156
7173
7179
7182
7186
7193
7196
7206
7212
7213
7218
7225
7231
7234
7236
7248
7256
7256
7258
7271
7279
7283
7304
7309
7309
7314
7333
7353
7354
7359
7364
7374
7420
7426
7449
7449
7464
7467
7474
7478
7489
7549
7558
7578
7583
7604
7608
7614
7661
7663
7677
7688
7698
7699
7702
7714
7719
7731
7734
7743
7751
7772
7773
7778
7795
7798
7810
7811
7813
7846
7862
7866
7888
7910
7923
7925
7928
7928
7969
7978
7981
8010
8011
8012
8013
8015
8029
8038
8043
8043
8061
8070
8102
8111
8117
8164
8194
8223
8232
8236
8237
8238
8245
8262
8263
8274
8277
8284
8292
8312
8321
8341
8345
8385
8392
8396
8398
8425
8427
8432
8436
8438
8462
8470
8501
8503
8504
8521
8530
8540
8561
8576
8577
8588
8588
8591
8617
8621
8625
8638
8639
8658
8665
8669
8683
8684
8694
8695
8723
8728
8731
8749
8755
8765
8769
8814
8817
8825
8831
8844
8854
8885
8925
8931
8948
8949
8950
8969
8974
8981
9000
9017
9025
9035
9038
9045
9045
9046
9054
9079
9083
9085
9089
9090
9097
9114
9114
9119
9123
9129
9131
9131
9154
9167
9204
9222
9223
9226
9233
9239
9242
9256
9258
9273
9274
9277
9287
9290
9305
9312
9325
9354
9354
9355
9356
9359
9360
9370
9384
9401
9417
9425
9440
9453
9453
9482
9487
9492
9499
9506
9509
9514
9514
9544
9547
9547
9550
9559
9563
9572
9575
9595
9604
9610
9616
9628
9649
9660
9667
9669
9670
9681
9713
9713
9739
9741
9752
9757
9778
9814
9823
9828
9841
9870
9929
9931
9946
9953
9974
9985
9986
9990
9998
